railroad = [28.57124, -80.58542]
coastline = [28.56336, -80.56799]
highway = [28.56376, -80.57083]
melbourne = [28.08228, -80.61836]
